Здание;Объем, м3;Уд. от. хар-ка при -30 0С [ккал/м3 Ч ч Ч 0С];Уд. вент. хар-ка при -30 0С [ккал/м3 Ч ч Ч 0С]
4;Административные здания, главные конторы;0;5;10;15;1000;0.43;0.38;0.35;0.32;0.09;0.08;0.07;0.16
3;Клубы;0;5;10;1000;0.37;0.33;0.30;0.25;0.23;0.20
3;Кинотеатры;0;5;10;1000;0.36;0.32;0.30;0.43;0.39;0.38
5;Театры;0;10;15;20;30;1000;0.29;0.29;0.22;0.20;0.18;0.41;0.40;0.38;0.36;0.34
3;Универмаги, универсамы, магазины;0;5;10;1000;0.38;0.33;0.31;0;0.08;0.27
2;Детские сады и ясли;0;5;1000;0.38;0.34;0.11;0.10
3;Школы;0;5;10;1000;0.39;0.35;0.33;0.09;0.08;0.07
3;Лабораторные корпуса;0;5;10;1000;0.37;0.35;0.33;1.00;0.95;0.90
4;Высшие учебные заведения и техникумы;0;10;15;20;1000;0.35;0.33;0.30;0.24;0;0.10;0.08;0.08
4;Поликлиники и диспансеры;0;5;10;15;1000;0.40;0.36;0.32;0.30;0;0.25;0.23;0.22
4;Больницы;0;5;10;15;1000;0.40;0.36;0.32;0.30;0.29;0.28;0.26;0.25
3;Бани;0;5;10;1000;0.28;0.25;0.23;1.00;0.95;0.90
3;Прачечные;0;5;10;1000;0.38;0.33;0.31;0.80;0.78;0.75
4;Гостиницы;0;5;10;15;1000;0.43;0.38;0.45;0.32;0.09;0.08;0.07;0.18
3;Предприятия общественного питания, фабрики – кухни, рестораны, кафе;0;5;10;1000;0.35;0.33;0.30;0.70;0.65;0.60
3;Пожарные депо;0;2;5;1000;0.48;0.46;0.45;0.14;0.09;0.09
4;Гаражи;0;2;3;5;1000;0.70;0.60;0.55;0.50;0;0;0.70;0.85
3;Чугунолитейный цех;10;15;100;150;0.30;0.25;0.22;1.1;1.0;0.9
3;Меднолитейный цех;5;10;20;30;0.40;0.36;0.25;2.5;2.0;1.5
3;Термический цех;0;10;30;75;0.40;0.30;0.25;1.3;1.2;1.0
3;Кузнечный цех;0;10;50;100;0.40;0.30;0.25;0.7;0.6;0.5
3;Механосборочный, механический и слесарное отделение инструментального цеха;5;10;50;100;0.40;0.45;0.40;0.4;0.26;0.15
3;Деревообделочный цех;0;5;10;50;0.60;0.56;0.45;0.6;0.50;0.45
2;Цех металлических конструкций;50;100;150;0.38;0.35;0.53;0.45
3;Цех покрытий гальванических и др.;0;2;5;10;0.66;0.60;0.56;5.0;4.0;3.0
2;Ремонтный цех;5;10;20;0.65;0.50;0.2;0.15
1;Котельный цех;100;200;0.25;0.60
3;Котельные отопительные и паровые;2;5;10;20;0.10;0.10;0.08;0.5;0.5;0.4
4;Мастерские;5;10;15;20;30;0.50;0.40;0.35;0.30;0.50;0.30;0.25;0.20
4;Насосные;0;0.5;1;2;3;1.05;1.0;0.60;0.5;0;0;0;0
5;Компрессорные;0;0.5;1;2;5;10;2.0;0.7;0.6;0.45;0.4;0;0;0;0;0
3;Склады химикатов, красок и т.д.;0;1;2;5;0.85;0.75;0.65;0;0;0.6
5;Бытовые, административно – вспомогательные помещения;0.5;1;2;5;10;20;0.60;0.45;0.40;0.33;0.30;0;0;0.14;0.12;0.11
3;Проходные;0;0.5;2;5;1.3;1.2;0.7;0;0;0.15
2;Казармы и помещения ВОХР;5;10;15;0.38;0.33;0;0
